Punto,2,3,4,5,6,7,8,9,10,11,12,13,14,15,16,17,18,19,20,21,22,23,24,25,26,27,28,29,30,31,32,33,34,35,36,37,38,39,40,41,42,43,44,45,46,47,48,49,50,51,52,53,54,55,56,57,58,59,60,61,62,63,64,65,66,67,68,69,70,71,72,73,74,75,76,77,78,79,80,81,82,83,84,85,86,87,88,89,90,91,92,93,94,95,96,97,98,99,100,101,102,103,104,105,106,107,108,109,110,111,112,113,114,115,116,117,118,119,120,121,122,123,124,125,126,127,128,129,130,131,132,133,134,135,136,137,138,139,140,141,142,143,144,145,146,147,148,149,150,151,152,153,154,155,156,157,158,159,160,161,162,163,164,165,166,167,168,169,170,171,172,173,174,175,176,177
2,0,629.934,1259.868,1889.802,2519.736,3149.676936,3193.070578,3321.965008,3526.99875,3795.853755,4111.407408,3652.390187,3251.133797,2931.453828,2722.242791,2623.306999,2125.12864,1062.577281,531.3145603,210,664.0156959,1277.249928,1901.43409,2528.471774,3156.669891,3199.968706,3328.596027,3533.244993,3801.658287,4116.767042,3658.422348,3257.908987,2938.966067,2730.330715,2631.698998,2135.479276,1083.129945,571.3100402,420,757.1108534,1328.031392,1935.911051,2554.499855,3177.55642,3220.574439,3348.410296,3551.917817,3819.018948,4132.804239,3676.459449,3278.150541,2961.388449,2754.451998,2656.715945,2166.234461,1142.57187,677.2703758,405.9631078,822.7886885,1300.165843,1790.294954,2284.984822,2781.436104,2871.222638,3031.562466,3252.036508,3521.36775,3827.07409,3483.138746,3181.083113,2933.870963,2756.298731,2662.337577,2197.206689,1427.933364,820.2632529,457.0624081,849.1650169,1317.016028,1802.569284,2294.614486,2789.352398,2878.89205,3038.827239,3258.809821,3527.623963,3832.831342,3489.463501,3188.007179,2941.377029,2764.287014,2670.60693,2207.219345,1443.292656,846.7182554,584.128449,923.7863529,1366.320321,1838.900765,2323.264005,2812.967614,2901.778668,3060.518091,3279.045814,3546.326385,3850.05144,3508.369354,3208.689728,2963.781171,2788.114541,2695.262765,1488.419864,921.5377388,811.9262157,1088.623458,1409.526403,1750.489965,2101.773619,2458.95839,2591.386441,2777.263916,3006.694177,3270.524229,3561.1166,3324.534165,3114.368345,2936.296946,2796.457778,2700.79604,2337.572803,1977.367128,1276.248186,838.644251,1108.69339,1425.084096,1763.041439,2112.238704,2467.90931,2599.881476,2785.192068,3014.01889,3277.259332,3567.303104,3331.160071,3121.440403,2943.796826,2804.331668,2708.947997,2346.986709,1988.487053,1635.726658,1293.410002,914.1248163,1166.833765,1470.770097,1800.170858,2143.3274,2494.569374,2625.201647,2808.842263,3035.886999,3297.382103,3585.798577,3350.959179,3142.561088,2966.18269,2827.821795,2733.257992,2375.00455,2021.479844,1675.679474,1343.580825,1600.604949,4506.879762,3925.580963,3133.716741
3,629.934,0,629.934,1259.868,1889.802,2519.74467,2573.780899,2732.050496,2977.980622,3291.983313,3652.390187,3251.133797,2931.453828,2722.242791,2649.79693,2699.294585,2218.247818,1238.354603,828.7018803,664.0156959,210,664.0156959,1277.249928,1901.43409,2528.480414,2582.333851,2740.109471,2985.375786,3298.674602,3658.422348,3257.908987,2938.966067,2730.330715,2658.105297,2707.451063,2228.165923,1256.034284,854.8957869,757.1108534,420,757.1108534,1328.031392,1935.911051,2554.508407,2607.824403,2764.145422,3007.452175,3318.667523,3676.459449,3278.150541,2961.388449,2754.451998,2682.876025,2731.774379,2257.658828,1307.639905,929.0569447,482.2230483,337.605855,704.7632013,1175.023165,1663.112299,2156.487223,2271.116417,2470.712717,2736.748398,3051.897962,3400.64168,3111.40801,2880.734383,2723.54111,2652.922272,2675.741355,2213.428937,1452.771184,862.7758849,525.9648927,397.5898809,735.3850487,1193.641252,1676.318143,2166.688058,2280.804635,2479.621207,2744.79358,3059.114442,3407.119581,3118.486782,2888.378539,2731.62519,2661.220882,2683.969411,2223.368539,1467.870605,887.9652175,639.4834387,538.8670646,820.4213368,1247.829891,1715.325776,2197.006405,2309.625463,2506.156685,2768.788868,3080.662457,3426.479803,3139.627336,2911.190579,2755.735143,2685.962878,2708.503609,1512.264565,959.5739823,630.7720525,675.2117101,888.6704203,1182.939631,1511.536971,1856.321268,2028.481199,2261.116349,2537.648943,2845.308598,3175.059641,2986.606617,2834.505467,2724.850489,2662.890521,2651.970674,2280.985711,1910.138729,1169.38387,664.8107867,707.1144557,913.1457255,1201.435046,1526.05505,1868.161837,2039.32243,2270.847231,2546.323263,2853.047672,3181.996814,2993.980475,2842.273956,2732.930696,2671.158162,2660.272252,2290.632186,1921.647721,1553.78599,1188.090331,757.8082753,795.1797617,982.9217242,1255.287286,1568.80337,1903.241616,2071.505727,2299.792848,2572.17071,2876.139951,3202.718177,3015.99388,2865.453061,2757.029232,2695.808956,2685.02299,2319.330898,1955.768382,1595.791623,1242.52108,1122.322089,3933.952629,3581.200354,3045.921843
4,1259.868,629.934,0,629.934,1259.868,1889.81356,1961.282797,2164.805303,2467.924365,2838.91462,3251.133797,2931.453828,2722.242791,2649.79693,2725.045947,2912.778157,2473.602376,1652.757531,1372.891889,1277.249928,664.0156959,210,664.0156959,1277.249928,1901.445579,1972.493399,2174.967127,2476.842884,2846.671077,3257.908987,2938.966067,2730.330715,2658.105297,2733.125576,2920.338438,2482.500497,1666.045454,1388.860014,1328.031392,757.1108534,420,757.1108534,1328.031392,1935.922336,2005.749288,2205.171649,2503.407812,2869.814666,3278.150541,2961.388449,2754.451998,2682.876025,2757.222409,2942.902749,2509.005523,1705.288086,1435.699181,1045.899508,587.0331248,310.7809682,591.4698153,1050.886809,1535.617522,1692.824212,1952.461361,2279.797322,2649.861356,3045.630521,2832.50733,2696.591384,2649.790033,2696.746959,2832.803542,2400.927273,1725.02992,1268.686856,1066.773538,623.4644253,375.0797385,627.6436428,1071.6637,1549.910054,1705.800051,1963.722324,2289.448804,2658.169521,3052.861816,2840.281285,2704.756013,2658.098422,2704.911119,2840.576686,2410.093726,1737.765297,1285.949587,1127.078427,721.8087625,522.4794831,725.4216308,1131.708039,1592.017957,1744.148449,1997.124274,2318.162166,2682.939657,3074.453654,2863.476519,2729.103349,2682.869214,2729.257071,2863.769528,1775.423394,1336.400516,964.4460967,721.3559188,621.5619365,726.7123994,972.4553322,1280.240066,1519.151721,1818.167517,2152.381968,2507.761351,2876.471745,2753.315174,2676.412895,2649.795146,2674.963445,2750.496564,2394.823314,2044.728064,1378.311114,987.0442104,751.3017779,656.078685,756.4462383,994.871536,1297.349076,1533.597715,1830.254933,2162.602167,2516.538693,2884.127199,2761.312088,2684.638893,2658.103518,2683.193887,2758.501649,2404.013042,2055.483606,1716.547056,1394.217173,1051.929785,834.718133,750.159477,839.3514827,1059.27776,1347.373232,1576.141475,1866.047459,2192.977003,2542.68893,2906.9726,2785.165066,2709.167028,2682.874263,2707.735111,2782.378721,2431.373831,2087.417748,1754.660592,1440.882204,866.5513428,3381.365859,3321.662196,3086.864562
5,1889.802,1259.868,629.934,0,629.934,1259.88534,1364.751254,1643.866716,2026.466494,2464.822914,2931.453828,2722.242791,2649.79693,2725.045947,2936.658091,3236.664273,2847.881272,2173.321531,1968.895924,1901.43409,1277.249928,664.0156959,210,664.0156959,1277.267031,1380.813523,1657.225929,2037.318446,2473.752614,2938.966067,2730.330715,2658.105297,2733.125576,2944.157052,3243.469687,2855.613373,2183.44372,1980.063424,1935.911051,1328.031392,757.1108534,420,757.1108534,1328.047842,1427.916659,1696.672561,2069.532906,2500.350375,2961.388449,2754.451998,2682.876025,2757.222409,2966.540198,3263.800792,2878.685071,2213.532579,2013.194268,1657.982564,1169.987929,700.0800949,335.5999635,486.2276661,927.0592732,1169.175579,1520.994111,1923.224779,2350.124023,2789.444459,2675.625055,2652.963114,2723.734926,2881.063245,3111.847315,2724.567777,2152.799579,1807.867291,1671.228943,1188.684884,730.898173,395.888034,529.6388801,950.5466301,1187.88532,1535.422771,1934.655925,2359.487852,2797.33809,2683.853467,2661.261596,2731.818433,2888.706531,3118.925089,2732.64882,2163.017806,1820.023115,1710.352648,1243.0896,816.4019471,537.6126259,642.5086329,1017.761709,1242.325052,1577.917325,1968.551129,2387.358985,2820.886455,2708.388715,2686.003218,2755.926695,2911.516001,3140.062692,2193.386885,1856.012969,1502.02292,1174.06625,881.2360947,671.199927,632.6360886,791.0336848,1137.779247,1514.084801,1902.489895,2296.864528,2694.588904,2652.414653,2661.876108,2722.434963,2830.813775,2981.802798,2657.272151,2346.663468,1796.011722,1516.632076,1192.699274,905.9122775,703.2846806,666.5796431,818.4340477,1156.996809,1528.578681,1914.044879,2306.444593,2702.759583,2660.714846,2670.14689,2730.522318,2838.592368,2989.188506,2665.557218,2356.041051,2066.990657,1808.247247,1559.638693,1246.928851,976.2054366,791.7760681,759.360534,895.6195009,1212.823819,1571.258344,1948.298693,2334.948963,2727.124743,2685.461505,2694.806935,2754.641924,2861.801291,3011.236943,2690.259334,2383.952481,2098.749717,1844.46689,1017.766808,2860.930015,3167.888445,3251.685635
6,2519.736,1889.802,1259.868,629.934,0,629.9686789,819.8142797,1229.571977,1707.663877,2210.181319,2722.242791,2649.79693,2725.045947,2936.658091,3258.17123,3641.613423,3300.875709,2740.196925,2581.066421,2528.471774,1901.43409,1277.249928,664.0156959,210,664.048595,846.2833174,1247.376145,1720.527802,2220.135461,2730.330715,2658.105297,2733.125576,2944.157052,3264.931817,3647.663406,3307.549009,2748.232011,2589.59531,2554.499855,1935.911051,1328.031392,757.1108534,420,757.1397074,921.1381293,1299.325689,1758.555065,2249.733643,2754.451998,2682.876025,2757.222409,2966.540198,3285.130099,3665.753446,3327.48861,2772.197538,2615.015081,2279.811455,1785.152461,1295.09581,817.9558774,402.6230113,392.9253185,813.5864703,1268.217054,1730.244191,2195.002127,2660.783569,2662.418971,2756.529551,2934.230796,3181.546853,3483.682707,3142.565999,2662.141528,2391.82684,2289.462878,1797.461907,1312.011112,844.4831658,454.0983255,445.5225089,840.251715,1285.486093,1742.941468,2205.024792,2669.057737,2670.688072,2764.517167,2941.735944,3188.469912,3490.006476,3149.574743,2670.411488,2401.028036,2318.176066,1833.894574,1361.496661,919.4845389,581.8120738,575.1437263,915.5997732,1335.954526,1780.49009,2234.823111,2693.727752,2695.343165,2788.342728,2964.137373,3209.149479,3508.909403,2695.069112,2428.422457,2091.799016,1740.730434,1400.16019,1080.065489,805.2460225,637.2500635,1036.771415,1439.724327,1843.860394,2248.541752,2653.518931,2698.795329,2793.1374,2931.812346,3108.893294,3318.237212,3029.958012,2761.590068,2311.970669,2102.313754,1753.351774,1415.820807,1100.291535,832.1785606,670.9602399,1057.825585,1454.959153,1855.78047,2258.326817,2661.81568,2706.953311,2801.020624,2939.323669,3115.977779,3324.875666,3037.226622,2769.563089,2528.240622,2321.488397,2133.547075,1790.682117,1461.796346,1158.853512,908.1966509,763.2087811,1118.612966,1499.735356,1891.089938,2287.430876,2686.552199,2731.28106,2824.538287,2961.743343,3137.13524,3344.711975,3058.928824,2793.345611,2554.271059,2349.810285,1454.104883,2393.708361,3135.478965,3523.041271
7,3149.676936,2519.74467,1889.81356,1259.88534,629.9686789,0,531.28,1062.56,1593.84,2125.12,2656.406912,2731.473838,2942.623772,3263.549246,3665.529483,4107.926294,3808.26793,3331.929819,3201.243116,3156.669891,2528.480414,1901.445579,1277.267031,664.048595,210,571.2778994,1083.112992,1607.614987,2135.470677,2664.69467,2739.534509,2950.107568,3270.298715,3671.540057,4113.290464,3814.053569,3338.541047,3208.12367,3177.55642,2554.508407,1935.922336,1328.047842,757.1397074,420,677.2432638,1142.555799,1648.249358,2166.225984,2689.404708,2763.575461,2972.445906,3290.464053,3689.513029,4129.341163,3831.358065,3358.29664,3228.677358,2905.849294,2408.82806,1913.692748,1422.414166,941.0520683,497.0752297,872.2439624,1308.989759,1762.106058,2221.598578,2684.631374,2801.193983,2997.900041,3260.275508,3573.886251,3926.474792,3626.388808,3217.40463,2996.207144,2913.427555,2417.964562,1925.180494,1437.832417,964.1986285,539.6144772,897.1675039,1325.727796,1774.575374,2231.501791,2692.832267,2809.054597,3005.246188,3267.03174,3580.050689,3932.086507,3632.464148,3224.250697,3003.557432,2936.044979,2445.169242,1959.239632,1483.125773,1030.523651,650.7563169,968.0958269,1374.719676,1811.468399,2260.951181,2717.286444,2832.505557,3027.177671,3287.217119,3598.480643,3948.873801,3244.702229,3025.501157,2701.308485,2341.740265,1986.508041,1638.434533,1303.268212,994.1504595,1289.381694,1632.721353,1999.539128,2378.999428,2765.903772,2891.435036,3057.181097,3257.008249,3485.058967,3736.168635,3481.952658,3250.356803,2876.426566,2709.4589,2351.137484,1997.577082,1651.83768,1320.078798,1016.088154,1306.370986,1646.171017,2010.536427,2388.250045,2773.864394,2899.050977,3064.385135,3263.771244,3491.380244,3742.065749,3488.279563,3257.133609,3053.773268,2884.08214,2733.764352,2379.106443,2030.422173,1691.40998,1369.272812,1079.228954,1356.062371,1685.876335,2043.1732,2415.789369,2797.610351,2921.779692,3085.896346,3283.976665,3510.275774,3759.701593,3507.191798,3277.379951,3075.358706,2906.927895,1993.811161,2022.755432,3234.503974,3883.824478
8,3193.070578,2573.780899,1961.282797,1364.751254,819.8142797,531.28,0,531.28,1062.56,1593.84,2125.12864,2218.247818,2473.602376,2847.881272,3300.875709,3789.839008,3538.371382,3201.243116,3155.736923,3199.968706,2582.333851,1972.493399,1380.813523,846.2833174,571.2778994,210,571.2778994,1083.112992,1607.614987,2135.479276,2228.165923,2482.500497,2855.613373,3307.549009,3795.652738,3544.597584,3208.12367,3162.716479,3220.574439,2607.824403,2005.749288,1427.916659,921.1381293,677.2432638,420,677.2432638,1142.555799,1648.249358,2166.234461,2257.658828,2509.005523,2878.685071,3327.48861,3813.040743,3563.210916,3228.677358,3183.563338,2896.374159,2397.389365,1899.274356,1402.955881,911.3737657,442.2880175,459.9698534,816.3606764,1249.094134,1700.866387,2160.305458,2303.554163,2539.109826,2844.129119,3198.802431,3588.436756,3332.78257,3022.361363,2902.621328,2903.977146,2406.569294,1910.848785,1418.585635,935.2551207,489.610754,505.6404513,842.9381674,1266.62392,1713.781336,2170.488348,2313.106522,2547.779172,2851.871393,3205.688224,3594.576241,3339.392109,3029.648199,2910.207995,2926.667604,2433.901347,1945.158883,1464.474378,1003.494963,609.9333492,622.8741976,918.0657678,1317.814917,1751.955041,2200.754341,2341.529795,2573.611996,2874.97312,3226.257428,3612.932099,3051.404301,2932.850248,2629.045246,2257.998858,1887.067983,1516.337395,1146.001486,776.6250772,919.9397067,1191.022864,1523.117102,1884.234538,2260.50829,2412.482254,2608.836965,2840.383212,3099.243466,3379.14636,3158.835133,2968.776762,2704.031798,2637.418985,2267.743117,1898.716823,1530.809947,1165.083433,804.5163208,943.6042942,1209.394668,1537.525839,1895.900787,2270.241777,2421.604969,2617.27536,2848.135669,3106.349958,3385.665388,3165.807858,2976.194796,2822.92726,2712.174029,2662.382186,2296.727856,1933.242244,1573.429088,1220.540621,882.9193114,1011.280903,1262.907543,1579.963831,1930.476572,2299.195017,2448.769206,2642.428866,2871.267454,3127.572551,3405.147592,3186.634494,2998.338784,2846.263923,2736.455365,2272.831834,1584.248907,2722.093148,3482.158258
9,3321.965008,2732.050496,2164.805303,1643.866716,1229.571977,1062.56,531.28,0,531.28,1062.56,1593.85152,1716.046128,2035.41142,2476.816236,2986.632113,3523.5235,3331.929819,3155.736923,3199.048365,3328.596027,2740.109471,2174.967127,1657.225929,1247.376145,1083.112992,571.2778994,210,571.2778994,1083.112992,1607.626408,1728.847684,2046.215934,2485.702852,2994.005908,3529.775893,3338.541047,3162.716479,3205.93363,3348.410296,2764.145422,2205.171649,1696.672561,1299.325689,1142.555799,677.2432638,420,677.2432638,1142.555799,1648.260498,1766.695875,2078.292483,2512.174092,3016.019128,3548.466973,3358.29664,3183.563338,3226.501269,2983.03927,2501.402764,2028.985733,1574.110932,1157.645094,841.8256789,476.2897005,428.8964868,761.5585509,1189.499714,1640.460485,1824.980196,2114.537689,2472.501036,2873.417464,3301.676738,3103.014729,2912.414932,2904.768628,2990.421925,2510.20234,2039.824282,1588.05706,1176.538212,867.623463,520.5303822,477.548109,789.9819153,1207.894685,1653.847212,1837.022785,2124.939914,2481.403106,2881.081034,3308.348422,3110.112604,2919.976154,2912.349701,3012.461334,2536.417905,2071.999784,1629.179311,1231.479664,940.7818417,635.0211641,600.2934253,869.6961691,1261.471192,1693.372553,1872.685963,2155.845458,2507.91973,2903.950399,3328.283233,2942.543243,2934.975431,2662.93206,2297.365251,1933.999438,1574.359345,1221.739603,884.576035,771.0965252,857.7929737,1098.240213,1416.177316,1770.335748,1960.678851,2197.776432,2468.191184,2762.155135,3072.917352,2897.757988,2761.696662,2629.498625,2671.199572,2306.943236,1945.367272,1588.303291,1239.656266,909.1615707,799.1807375,883.1244452,1118.137543,1431.662736,1782.747503,1971.892886,2207.786503,2477.108742,2770.12653,3080.084585,2905.357355,2769.669376,2678.95919,2637.870925,2695.849988,2335.44152,1979.079034,1629.419328,1291.916274,979.221508,878.0602777,955.096218,1175.811024,1477.145284,1819.474831,2005.158736,2237.548043,2503.670849,2793.904256,3101.48691,2928.037117,2793.450994,2703.538855,2662.829889,2630.734312,1221.747329,2218.576826,3119.49941
10,3526.99875,2977.980622,2467.924365,2026.466494,1707.663877,1593.84,1062.56,531.28,0,531.28,1062.577281,1238.354603,1652.757531,2173.321531,2740.196925,3321.456439,3201.243116,3199.048365,3327.711261,3533.244993,2985.375786,2476.842884,2037.318446,1720.527802,1607.614987,1083.112992,571.2778994,210,571.2778994,1083.129945,1256.034284,1666.045454,2183.44372,2748.232011,3328.088472,3208.12367,3205.93363,3334.330853,3551.917817,3007.452175,2503.407812,2069.532906,1758.555065,1648.249358,1142.555799,677.2432638,420,677.2432638,1142.57187,1307.639905,1705.288086,2213.532579,2772.197538,3347.905745,3228.677358,3226.501269,3354.111244,3157.939231,2707.59537,2278.341503,1884.643766,1553.769308,1336.502575,898.1360523,515.7291107,405.2450805,708.0886579,1131.290595,1385.373784,1749.279122,2168.402449,2616.34014,3080.54818,2952.029477,2897.269429,3002.443648,3164.913931,2715.726917,2287.999126,1896.307498,1567.896381,1352.900267,922.3602162,556.8451451,456.4247751,738.5726419,1150.616535,1401.199673,1761.839223,2178.547494,2624.754413,3087.6977,2959.489489,2904.870074,3009.778706,3185.74641,2739.976768,2316.730455,1930.876,1609.533803,1400.942231,991.4879568,665.1139118,583.6296559,823.2797504,1206.73875,1447.639638,1798.993454,2208.703054,2649.836925,3109.047618,2927.553611,3031.677401,2799.11634,2453.921804,2117.592726,1795.11907,1495.490818,1235.443196,952.579401,785.8746628,810.4901611,1012.567757,1312.553415,1559.79786,1849.034627,2163.486892,2493.633654,2833.995212,2716.667112,2646.661732,2661.062748,2806.982772,2462.891029,2127.980017,1807.360637,1510.163165,1253.163952,975.4524669,813.4488218,837.2540243,1034.11482,1329.246579,1573.870822,1860.92156,2173.654878,2502.460549,2841.765096,2724.771586,2654.97991,2636.141734,2669.33605,2830.450898,2489.604833,2158.84204,1843.597698,1553.348894,1304.883094,1041.060764,891.0662072,912.8495501,1096.217798,1378.113372,1615.354253,1896.135293,2203.877385,2528.756374,2864.948317,2748.94165,2679.779529,2661.116916,2694.003517,3039.782619,1019.806526,1731.730936,2810.986282
11,3795.853755,3291.983313,2838.91462,2464.822914,2210.181319,2125.12,1593.84,1062.56,531.28,0,531.3145603,828.7018803,1372.891889,1968.895924,2581.066421,3195.848053,3155.736923,3327.711261,3532.411486,3801.658287,3298.674602,2846.671077,2473.752614,2220.135461,2135.470677,1607.614987,1083.112992,571.2778994,210,571.3100402,854.8957869,1388.860014,1980.063424,2589.59531,3202.740198,3162.716479,3334.330853,3538.648175,3819.018948,3318.667523,2869.814666,2500.350375,2249.733643,2166.225984,1648.249358,1142.555799,677.2432638,420,677.2703758,929.0569447,1435.699181,2013.194268,2615.015081,3223.328214,3183.563338,3354.111244,3557.292637,3407.514338,2994.936805,2613.314711,2278.257207,2013.149979,1851.573566,1396.768318,955.2579294,559.4574165,390.3670102,658.0600995,1035.608617,1487.683478,1963.464761,2449.175456,2939.898259,2892.19165,2978.371439,3186.87493,3413.979198,3002.290203,2621.738694,2287.915187,2024.073328,1863.444303,1412.466543,978.0683573,597.5722558,443.2678678,690.755452,1056.685955,1502.432072,1974.662976,2458.161999,2947.388976,2899.805603,2985.765635,3193.786439,3433.300739,3024.243123,2646.849784,2316.647557,2056.49528,1898.611248,1458.547817,1043.5122,699.566009,573.3989908,780.668364,1117.535327,1545.833798,2007.882932,2484.926642,2969.747763,3007.839162,3214.431803,3023.807912,2707.414676,2406.773973,2128.570994,1882.778476,1683.651358,1335.942385,1031.458221,819.8621311,780.7340203,935.9600162,1259.441959,1603.793545,1958.034784,2317.635322,2680.439058,2632.12384,2635.751329,2795.132153,3031.09127,2715.546764,2415.918243,2138.904972,1894.453692,1696.697349,1352.34687,1052.618669,846.3296722,808.4835252,959.2294574,1276.829687,1617.483767,1969.263876,2327.129881,2688.652738,2640.487817,2644.103831,2699.292688,2803.009767,3052.837088,2739.798209,2443.145709,2169.611596,1929.055414,1735.246926,1400.407818,1113.69029,921.1807173,886.5357356,1025.875798,1327.627225,1657.876273,2002.573398,2355.383936,2713.144586,2665.422276,2669.004509,2723.688862,2826.51088,3481.998076,1073.247894,1280.709887,2576.145971
12,4111.407408,3652.390187,3251.133797,2931.453828,2722.242791,2656.406912,2125.12864,1593.85152,1062.577281,531.3145603,0,629.934,1259.868,1889.802,2519.736,3149.781394,3193.070578,3526.99875,3795.853755,4116.767042,3658.422348,3257.908987,2938.966067,2730.330715,2664.69467,2135.479276,1607.626408,1083.129945,571.3100402,210,664.0156959,1277.249928,1901.43409,2528.471774,3156.774118,3199.968706,3533.244993,3801.658287,4132.804239,3676.459449,3278.150541,2961.388449,2754.451998,2689.404708,2166.234461,1648.260498,1142.57187,677.2703758,420,757.1108534,1328.031392,1935.911051,2554.499855,3177.659961,3220.574439,3551.917817,3819.018948,3712.044335,3338.238063,3001.610967,2716.022504,2499.032393,2372.824101,1911.847041,1455.658928,1010.764875,602.7165707,382.25,882.887,1383.524,1884.161,2384.798,2885.435,2923.110624,3142.726745,3439.067382,3717.979713,3344.836822,3008.948055,2724.128896,2507.840286,2382.098699,1923.345811,1470.728702,1032.349569,638.2532919,436.1365182,907.5182945,1399.370808,1895.827702,2394.026211,2893.066736,2930.64425,3149.73513,3445.473038,3735.729265,3364.555449,3030.852751,2748.304613,2534.080287,2409.708326,1957.436872,1515.038915,1094.552709,734.6204902,567.9040962,977.695993,1445.869516,1930.404795,2421.499845,2915.842098,3170.667342,3464.618948,3314.285368,3029.136524,2764.531688,2526.932847,2324.635577,2167.546611,1793.680855,1437.159543,1114.750169,865.4548934,764.5,1135.84,1507.18,1878.52,2249.86,2621.2,2647.372818,2724.383054,3012.803307,3320.931722,3036.407101,2772.496249,2535.643827,2334.101662,2177.695643,1805.932172,1452.421272,1134.357942,890.5684547,792.8179173,1155.089826,1521.739647,1890.221519,2259.639356,2629.598722,2655.688769,2732.464642,2855.841382,3020.113205,3340.791449,3058.115119,2796.253825,2561.599035,2362.272331,2207.862838,1842.197332,1497.273373,1191.246381,961.9834575,872.2730364,1211.00475,1564.605878,1924.89932,2288.726725,2654.635463,2680.481829,2756.567253,2878.911253,3041.937503,3943.484286,1356.626753,914.6640166,2430.396783
13,3652.390187,3251.133797,2931.453828,2722.242791,2649.79693,2731.473838,2218.247818,1716.046128,1238.354603,828.7018803,629.934,0,629.934,1259.868,1889.802,2519.875241,2573.780899,2977.980622,3291.983313,3658.422348,3257.908987,2938.966067,2730.330715,2658.105297,2739.534509,2228.165923,1728.847684,1256.034284,854.8957869,664.0156959,210,664.0156959,1277.249928,1901.43409,2528.610533,2582.333851,2985.375786,3298.674602,3676.459449,3278.150541,2961.388449,2754.451998,2682.876025,2763.575461,2257.658828,1766.695875,1307.639905,929.0569447,757.1108534,420,757.1108534,1328.031392,1935.911051,2554.637201,2607.824403,3007.452175,3318.667523,3247.251171,2922.317047,2652.641795,2456.492392,2352.334174,2355.704548,1890.557804,1427.582788,969.8944967,531.3350789,247.684,252.953,753.59,1254.227,1754.864,2255.501,2303.502842,2576.486176,2930.654207,3254.034445,2929.852714,2660.94128,2465.452266,2361.68924,2365.046282,1902.185272,1442.945812,992.3685478,571.3291223,324.7265986,328.7631674,782.3029388,1271.686033,1767.384412,2265.256003,2313.055413,2585.030176,2938.168491,3274.299951,2952.34431,2685.685852,2492.138615,2389.534697,2392.852673,1936.648861,1488.083538,1056.927308,677.2864726,487.5934412,490.2909546,862.7270067,1322.681128,1804.424467,2294.272164,2610.4944,2960.596913,2842.34733,2595.757752,2381.756718,2209.832258,2090.392055,2032.709047,1628.170374,1224.36731,822.384155,427.3873312,134.566,505.906,877.246,1248.586,1619.926,1991.266,2025.594648,2125.256188,2484.237229,2850.094445,2604.238527,2390.996667,2219.787964,2100.913835,2043.527849,1641.657324,1242.246075,848.7730547,476.1931655,249.415333,547.7598752,902.0313434,1266.122822,1633.481021,2002.308738,2036.451246,2135.606206,2291.349132,2493.097393,2873.21046,2629.516744,2418.504716,2249.390719,2132.167663,2075.645941,1681.469229,1294.401526,923.4260655,599.216097,441.0306207,657.5263347,972.6050301,1317.333291,1673.48745,2035.077464,2068.679211,2166.359588,2320.038974,2519.490943,3699.526684,1873.370783,504.876451,1811.758622
14,3251.133797,2931.453828,2722.242791,2649.79693,2725.045947,2942.623772,2473.602376,2035.41142,1652.757531,1372.891889,1259.868,629.934,0,629.934,1259.868,1889.987651,1961.282797,2467.924365,2838.91462,3257.908987,2938.966067,2730.330715,2658.105297,2733.125576,2950.107568,2482.500497,2046.215934,1666.045454,1388.860014,1277.249928,664.0156959,210,664.0156959,1277.249928,1901.618605,1972.493399,2476.842884,2846.671077,3278.150541,2961.388449,2754.451998,2682.876025,2757.222409,2972.445906,2509.005523,2078.292483,1705.288086,1435.699181,1328.031392,757.1108534,420,757.1108534,1328.031392,1936.092281,2005.749288,2503.407812,2869.814666,2846.689459,2594.161554,2420.120302,2342.128347,2369.688359,2502.404305,2070.481152,1658.516206,1285.837752,997.4970457,877.618,376.981,123.656,624.293,1124.93,1625.567,1691.54032,2047.794991,2478.692678,2854.424789,2602.647531,2429.214333,2351.524015,2378.975183,2511.200371,2081.103601,1671.758358,1302.873257,1019.362721,902.393126,431.5259834,243.7022904,658.6666455,1144.363362,1639.075371,1704.525932,2058.534509,2487.57259,2877.506017,2627.941052,2456.29442,2379.488431,2406.620643,2537.405625,2112.650515,1710.869956,1352.693138,1082.312504,972.9405706,564.3710432,437.8250865,752.4239163,1200.777875,1678.948502,2090.422044,2514.024143,2442.749041,2256.963053,2120.501912,2043.272201,2032.038633,2087.866739,1696.53182,1313.908961,950.5772696,640.266646,495.368,124.028,247.312,618.652,989.992,1361.332,1411.069881,1550.741241,2014.824842,2451.759139,2266.711764,2130.875022,2054.035367,2042.860986,2098.401181,1709.479516,1330.585119,973.4973782,673.8259255,538.0422432,243.8912561,324.4429462,653.3225062,1012.019842,1377.434142,1426.610742,1564.89565,1771.543218,2025.73916,2478.592923,2295.709525,2161.695714,2085.99168,2074.989399,2129.691883,1747.747183,1379.404494,1039.229111,765.7293111,649.4531973,437.9302967,487.4045808,747.7501569,1075.399535,1424.649014,1472.249371,1606.610842,1808.498099,2058.13487,3551.839066,2443.815403,683.2451148,1204.883304
15,2931.453828,2722.242791,2649.79693,2725.045947,2936.658091,3263.549246,2847.881272,2476.816236,2173.321531,1968.895924,1889.802,1259.868,629.934,0,629.934,1260.146459,1364.751254,2026.466494,2464.822914,2938.966067,2730.330715,2658.105297,2733.125576,2944.157052,3270.298715,2855.613373,2485.702852,2183.44372,1980.063424,1901.43409,1277.249928,664.0156959,210,664.0156959,1277.524598,1380.813523,2037.318446,2473.752614,2961.388449,2754.451998,2682.876025,2757.222409,2966.540198,3290.464053,2878.685071,2512.174092,2213.532579,2013.194268,1935.911051,1328.031392,757.1108534,420,757.1108534,1328.295561,1427.916659,2069.532906,2500.350375,2540.920163,2390.197713,2339.036072,2393.827312,2547.74478,2787.174983,2406.908656,2063.248188,1777.553319,1581.555385,1507.552,1006.915,506.278,5.641,494.996,995.633,1100.057114,1594.453299,2119.607131,2549.583353,2399.405157,2348.444112,2403.020849,2556.384843,2795.075023,2416.052416,2073.907685,1789.915027,1595.43644,1522.108088,1028.580487,548.1034695,210.0757503,537.6997675,1017.538732,1119.922164,1608.223033,2129.984598,2575.398081,2426.817897,2376.44477,2430.392808,2582.131574,2818.642295,2443.278387,2105.562415,1826.498235,1636.373257,1564.964227,1090.998541,657.8125974,420.0378803,649.1695002,1080.594776,1648.842419,2160.817991,2156.093944,2059.961122,2028.281377,2064.024626,2163.852296,2319.504829,1974.622838,1657.489636,1387.26792,1196.184147,1125.302,753.962,382.622,11.282,360.058,731.398,820.2660727,1042.361078,1655.668253,2166.296632,2070.637541,2039.123671,2074.680134,2174.018574,2328.991768,1985.75813,1670.739924,1403.072443,1214.477877,1144.729047,782.6612916,436.4625928,210.3028377,416.8234199,760.9487725,846.7209871,1063.304574,1349.104738,1668.933002,2196.620381,2102.34151,2071.310056,2106.323256,2204.236094,2357.223505,2018.79552,1709.874818,1449.452407,1267.776208,1201.126384,863.0519668,568.1545519,420.1515007,553.2104151,843.4115451,921.5402487,1123.795629,1397.277208,1708.109295,3512.585587,3037.8583,1213.417171,643.9347291
16,2722.242791,2649.79693,2725.045947,2936.658091,3258.17123,3665.529483,3300.875709,2986.632113,2740.196925,2581.066421,2519.736,1889.802,1259.868,629.934,0,630.490733,819.8142797,1707.663877,2210.181319,2730.330715,2658.105297,2733.125576,2944.157052,3264.931817,3671.540057,3307.549009,2994.005908,2748.232011,2589.59531,2528.471774,1901.43409,1277.249928,664.0156959,210,664.543877,846.2833174,1720.527802,2220.135461,2754.451998,2682.876025,2757.222409,2966.540198,3285.130099,3689.513029,3327.48861,3016.019128,2772.197538,2615.015081,2554.499855,1935.911051,1328.031392,757.1108534,420,757.5741313,921.1381293,1758.555065,2249.733643,2366.969236,2343.085515,2424.630056,2601.708457,2856.609475,3173.057698,2844.847983,2560.653013,2336.588661,2191.179637,2137.486,1636.849,1136.212,635.575,134.938,365.699,593.7813916,1297.972269,1906.616133,2376.266686,2352.47736,2433.707235,2610.169898,2864.318016,3179.999238,2852.588306,2569.249667,2346.006516,2201.219708,2147.777083,1650.265024,1155.455628,669.3695397,249.6162331,421.7057725,629.8224679,1314.850566,1918.146261,2403.943295,2380.430576,2460.737878,2635.391222,2887.320158,3200.733533,2875.684274,2594.868754,2374.035925,2231.068848,2178.358648,1689.874152,1211.353668,761.8107249,441.1442665,556.8983378,1364.233122,1952.328117,2030.786302,2046.12588,2127.194401,2266.951194,2455.395325,2682.28475,2390.331395,2135.841923,1933.6652,1801.500857,1755.236,1383.896,1012.556,641.216,269.876,101.464,384.9523852,749.5788989,1488.821438,2041.615293,2056.874113,2137.535034,2276.657136,2464.359187,2690.492795,2399.538326,2146.14089,1945.034988,1813.699352,1767.753777,1399.738597,1034.103309,674.7280627,341.9547563,233.2272353,438.5069428,778.4398022,1138.172001,1503.558869,2073.763006,2088.786997,2168.261059,2305.529812,2491.057246,2714.968044,2426.949562,2176.745442,1978.752411,1849.812244,1804.786252,1446.22548,1096.206939,766.523293,499.2324663,432.0821025,569.7265475,859.2255383,1194.878866,1546.928981,3585.329545,3643.976682,1808.748812,413.7557047
17,2623.306999,2699.294585,2912.778157,3236.664273,3641.613423,4107.926294,3789.839008,3523.5235,3321.456439,3195.848053,3149.781394,2519.875241,1889.987651,1260.146459,630.490733,0,498.18,1560.74,2092.02,2631.698998,2707.451063,2920.338438,3243.469687,3647.663406,4113.290464,3795.652738,3529.775893,3328.088472,3202.740198,3156.774118,2528.610533,1901.618605,1277.524598,664.543877,210,540.6323264,1574.804543,2102.533634,2656.715945,2731.774379,2942.902749,3263.800792,3665.753446,4129.341163,3813.040743,3548.466973,3347.905745,3223.328214,3177.659961,2554.637201,1936.092281,1328.295561,757.5741313,420,651.6005773,1616.264009,2133.763736,2327.923019,2436.692119,2637.60994,2911.662535,3240.346595,3610.884234,3329.890256,3094.636037,2916.212303,2805.483043,2767.546779,2266.937778,1766.344647,1265.786218,765.3305799,265.5595137,514.3716378,1247.211829,1863.554172,2337.375789,2445.724531,2645.956575,2919.225706,3247.144292,3616.985616,3336.505525,3101.753085,2923.763704,2813.331673,2775.502689,2276.643777,1778.784252,1283.087974,793.618861,338.5584962,555.5881405,1264.767704,1875.349074,2365.507468,2472.623805,2670.839979,2941.798552,3267.452533,3635.228322,3356.2731,3123.006917,2946.301783,2836.747275,2799.234748,2305.516621,1815.591753,1333.647161,873.0010862,496.9123216,1316.030906,1910.296875,2070.343845,2194.698415,2371.258193,2589.366042,2839.463746,3113.852762,2869.948268,2665.751478,2510.968472,2415.118679,2385.317096,2014.004218,1642.703601,1271.425988,900.1998424,529.1335002,631.0325375,890.0610412,1551.638559,2080.966996,2204.722462,2380.538893,2597.867683,2847.218707,3120.925989,2877.621077,2674.010273,2519.734642,2424.231473,2394.543307,2024.922959,1656.072197,1288.652025,924.3699239,569.2822332,665.0579399,914.499129,1227.233491,1565.784857,2112.51595,2234.524812,2408.166402,2623.207292,2870.357881,3142.050131,2900.517723,2698.635014,2545.852051,2451.366605,2422.011075,2057.331521,1695.54567,1339.001136,993.3578188,675.5607012,758.0251074,984.1791793,1280.000798,1607.476973,3738.88126,4251.480502,2427.060434,861.9337536
18,2125.12864,2218.247818,2473.602376,2847.881272,3300.875709,3808.26793,3538.371382,3331.929819,3201.243116,3155.736923,3193.070578,2573.780899,1961.282797,1364.751254,819.8142797,498.18,0,1062.56,1593.84,2135.479276,2228.165923,2482.500497,2855.613373,3307.549009,3814.053569,3544.597584,3338.541047,3208.12367,3162.716479,3199.968706,2582.333851,1972.493399,1380.813523,846.2833174,540.6323264,210,1083.112992,1607.614987,2166.234461,2257.658828,2509.005523,2878.685071,3327.48861,3831.358065,3563.210916,3358.29664,3228.677358,3183.563338,3220.574439,2607.824403,2005.749288,1427.916659,921.1381293,651.6005773,420,1142.555799,1648.249358,1833.929252,1970.162279,2213.833128,2534.136863,2905.841871,3313.49708,3081.510483,2907.072364,2800.955464,2771.020066,2816.71654,2326.710936,1842.430542,1369.960451,927.5277814,587.4510568,270.2848075,767.6310661,1372.226754,1845.91346,1981.32264,2223.770923,2542.823164,2913.420151,3320.145012,3088.657776,2914.647445,2808.816746,2778.966032,2824.533955,2336.168611,1854.359809,1385.962351,951.0035674,623.8579519,342.2774856,795.8375799,1388.20253,1881.408117,2014.432775,2253.321352,2568.70583,2936.037632,3340.009416,3110.001103,2937.255475,2832.269675,2802.668765,2847.857452,2364.314653,1889.695823,1432.896241,1018.188482,722.1486995,875.0185447,1435.063157,1593.74821,1752.258786,1968.902014,2226.774846,2513.217875,2819.536974,2625.735366,2483.603738,2402.330678,2388.137703,2442.194615,2081.054992,1724.254044,1375.173055,1041.602921,744.6872832,550.2641455,571.6720222,1096.451466,1607.523983,1764.79768,1980.069478,2236.65514,2521.976226,2827.346591,2634.119628,2492.466154,2411.491797,2397.353059,2451.206751,2091.623742,1736.995109,1391.114996,1062.561361,773.7306701,588.9742183,609.0229068,818.9712836,1116.380677,1648.160598,1801.89091,2013.200223,2266.037558,2548.070659,2850.647075,2659.113802,2518.866318,2438.768682,2424.788999,2478.046516,2123.014338,1774.669549,1437.880708,1123.092447,854.9614902,692.235964,709.3721879,896.1104638,1174.140459,3279.548833,4177.41036,2577.829637,1187.343076
19,1062.577281,1238.354603,1652.757531,2173.321531,2740.196925,3331.929819,3201.243116,3155.736923,3199.048365,3327.711261,3526.99875,2977.980622,2467.924365,2026.466494,1707.663877,1560.74,1062.56,0,531.28,1083.129945,1256.034284,1666.045454,2183.44372,2748.232011,3338.541047,3208.12367,3162.716479,3205.93363,3334.330853,3533.244993,2985.375786,2476.842884,2037.318446,1720.527802,1574.804543,1083.112992,210,571.2778994,1142.57187,1307.639905,1705.288086,2213.532579,2772.197538,3358.29664,3228.677358,3183.563338,3226.501269,3354.111244,3551.917817,3007.452175,2503.407812,2069.532906,1758.555065,1616.264009,1142.555799,420,677.2432638,797.8839416,1074.644911,1474.577702,1922.282998,2391.074917,2871.508604,2785.237864,2776.410843,2845.748283,2987.813302,3190.284083,2767.237655,2374.56749,2029.97835,1761.910398,1609.074022,1150.188987,432.0587007,387.9022859,825.056837,1094.971089,1489.456075,1933.719712,2400.278996,2879.177254,2793.143383,2784.341425,2853.486165,2995.184189,3197.188222,2775.194451,2383.835306,2040.811628,1774.381089,1622.719695,1169.202594,480.3901756,441.0988363,901.6755427,1153.80314,1533.225162,1967.631043,2427.681869,2902.061623,2816.726817,2807.998784,2876.574924,3017.188812,3217.811761,2798.929124,2411.425049,2072.971804,1811.278071,1662.985029,602.5568196,571.7238699,688.3161928,1002.076183,1345.481684,1700.668116,2061.555216,2425.599837,2385.432239,2413.740501,2508.207187,2661.797743,2865.019197,2564.139298,2284.09117,2033.49979,1824.542986,1672.895578,1325.771109,996.265649,538.1988831,719.6382295,1023.844068,1361.771259,1713.584559,2072.223422,2434.673401,2394.658006,2422.858479,2516.982974,2670.068768,2872.705171,2572.724303,2293.724585,2044.314407,1836.588443,1686.024796,1342.299904,1018.157769,739.802842,577.717957,806.3368907,1086.53425,1409.510895,1751.762553,2103.903493,2461.693435,2422.124474,2450.008818,2543.128643,2694.729527,2895.640689,2598.309131,2322.385083,2076.420332,1872.259894,1724.812921,1390.708105,1081.177711,824.3835545,682.684435,2353.262825,4216.339143,3148.495499,2119.076459
20,531.3145603,828.7018803,1372.891889,1968.895924,2581.066421,3201.243116,3155.736923,3199.048365,3327.711261,3532.411486,3795.853755,3291.983313,2838.91462,2464.822914,2210.181319,2092.02,1593.84,531.28,0,571.3100402,854.8957869,1388.860014,1980.063424,2589.59531,3208.12367,3162.716479,3205.93363,3334.330853,3538.648175,3801.658287,3298.674602,2846.671077,2473.752614,2220.135461,2102.533634,1607.614987,571.2778994,210,677.2703758,929.0569447,1435.699181,2013.194268,2615.015081,3228.677358,3183.563338,3226.501269,3354.111244,3557.292637,3819.018948,3318.667523,2869.814666,2500.350375,2249.733643,2133.763736,1648.249358,677.2432638,420,346.4898849,798.9356305,1287.561981,1782.865216,2280.499006,2779.475914,2781.231171,2860.75623,3011.897159,3224.599464,3485.211339,3102.642388,2758.143635,2467.711014,2252.357386,2134.925,1671.7208,912.2273125,361.9039343,405.1607586,826.0739323,1304.574971,1795.190346,2290.147531,2787.397775,2789.148046,2868.453626,3019.209251,3231.430288,3491.532339,3109.741113,2766.12659,2476.630301,2262.125946,2145.228369,1684.859173,936.0868921,418.4189977,544.4770338,902.6063049,1354.332254,1831.668196,2318.852241,2811.029412,2812.764979,2891.422869,3041.040036,3251.836666,3510.42705,3130.94072,2789.938407,2503.197485,2291.181747,2175.845756,1004.270217,554.413616,536.1225685,904.3256624,1274.350497,1644.968166,2015.851715,2386.877206,2436.177879,2549.871833,2719.895938,2936.481791,3190.159957,2922.943018,2680.645075,2470.608618,2301.682571,2183.429679,1825.344776,1473.834702,824.7178083,575.7841683,928.3883367,1291.537529,1658.318506,2026.760503,2396.09741,2445.212191,2558.504712,2727.99082,2943.9812,3197.064364,2930.477075,2688.858126,2479.517482,2311.242665,2193.505222,1837.384976,1488.720501,1154.287963,851.0343491,681.0487563,997.0982417,1341.778368,1697.739753,2059.140145,2423.547564,2472.11704,2584.230323,2752.132612,2966.365673,3217.688697,2952.963916,2713.34812,2506.054058,2339.688581,2223.457929,1873.041257,1532.510597,1210.239935,925.5049775,1943.147943,4334.474629,3520.469907,2622.519987
